p0:= PermList([6, 7, 8, 2, 4, 3, 5, 1]);
p1:= PermList([8, 6, 3, 5, 1, 2, 7, 4]);
p2:= PermList([1, 2, 3, 4, 5, 6, 7, 8]);
p3:= PermList([1, 6, 3, 4, 8, 2, 7, 5]);
p4:= PermList([2, 1, 3, 6, 5, 4, 7, 8]);
p5:= PermList([4, 7, 8, 1, 6, 3, 5, 2]);
p6:= PermList([5, 3, 1, 8, 2, 7, 4, 6]);
p7:= PermList([7, 6, 4, 3, 8, 2, 1, 5]);
p8:= PermList([1, 2, 3, 4, 5, 6, 7, 8]);
p9:= PermList([8, 1, 3, 5, 6, 4, 7, 2]);
p10:= PermList([1, 5, 6, 4, 7, 8, 2, 3]);
p11:= PermList([1, 2, 3, 4, 5, 6, 7, 8]);
p12:= PermList([2, 4, 3, 6, 8, 1, 7, 5]);
p13:= PermList([1, 6, 3, 4, 8, 2, 7, 5]);
p14:= PermList([1, 2, 3, 4, 5, 6, 7, 8]);
p15:= PermList([3, 2, 5, 7, 1, 6, 8, 4]);
p16:= PermList([1, 8, 3, 4, 6, 5, 7, 2]);
p17:= PermList([5, 3, 1, 8, 2, 7, 4, 6]);
p18:= PermList([4, 7, 2, 1, 5, 3, 6, 8]);
p19:= PermList([4, 7, 8, 1, 6, 3, 5, 2]);
p20:= PermList([6, 3, 5, 2, 4, 7, 8, 1]);
p21:= PermList([8, 3, 4, 5, 2, 7, 1, 6]);
p22:= PermList([2, 5, 3, 6, 1, 8, 7, 4]);
p23:= PermList([1, 8, 3, 4, 6, 5, 7, 2]);
p24:= PermList([1, 8, 3, 4, 6, 5, 7, 2]);
p25:= PermList([8, 1, 2, 5, 7, 4, 6, 3]);
G:=Group(p0, p1, p2, p3, p4, p5, p6, p7, p8, p9, p10, p11, p12, p13, p14, p15, p16, p17, p18, p19, p20, p21, p22, p23, p24, p25);